0.000000000000000000e+00
4.040404040404040131e+01
8.080808080808080263e+01
1.212121212121212039e+02
1.616161616161616053e+02
2.020202020202020208e+02
2.424242424242424079e+02
2.828282828282827950e+02
3.232323232323232105e+02
3.636363636363636260e+02
4.040404040404040416e+02
4.444444444444444002e+02
4.848484848484848158e+02
5.252525252525251744e+02
5.656565656565655900e+02
6.060606060606060055e+02
6.464646464646464210e+02
6.868686868686868365e+02
7.272727272727272521e+02
7.676767676767676676e+02
8.080808080808080831e+02
8.484848484848483849e+02
8.888888888888888005e+02
9.292929292929292160e+02
9.696969696969696315e+02
1.010101010101010047e+03
1.050505050505050349e+03
1.090909090909090764e+03
1.131313131313131180e+03
1.171717171717171595e+03
1.212121212121212011e+03
1.252525252525252426e+03
1.292929292929292842e+03
1.333333333333333258e+03
1.373737373737373673e+03
1.414141414141414089e+03
1.454545454545454504e+03
1.494949494949494920e+03
1.535353535353535335e+03
1.575757575757575751e+03
1.616161616161616166e+03
1.656565656565656354e+03
1.696969696969696770e+03
1.737373737373737185e+03
1.777777777777777601e+03
1.818181818181818016e+03
1.858585858585858432e+03
1.898989898989898848e+03
1.939393939393939263e+03
1.979797979797979679e+03
2.020202020202020094e+03
2.060606060606060510e+03
2.101010101010100698e+03
2.141414141414141341e+03
2.181818181818181529e+03
2.222222222222222172e+03
2.262626262626262360e+03
2.303030303030303003e+03
2.343434343434343191e+03
2.383838383838383834e+03
2.424242424242424022e+03
2.464646464646464665e+03
2.505050505050504853e+03
2.545454545454545496e+03
2.585858585858585684e+03
2.626262626262625872e+03
2.666666666666666515e+03
2.707070707070706703e+03
2.747474747474747346e+03
2.787878787878787534e+03
2.828282828282828177e+03
2.868686868686868365e+03
2.909090909090909008e+03
2.949494949494949196e+03
2.989898989898989839e+03
3.030303030303030027e+03
3.070707070707070670e+03
3.111111111111110858e+03
3.151515151515151501e+03
3.191919191919191690e+03
3.232323232323232332e+03
3.272727272727272521e+03
3.313131313131312709e+03
3.353535353535353352e+03
3.393939393939393540e+03
3.434343434343434183e+03
3.474747474747474371e+03
3.515151515151515014e+03
3.555555555555555202e+03
3.595959595959595845e+03
3.636363636363636033e+03
3.676767676767676676e+03
3.717171717171716864e+03
3.757575757575757507e+03
3.797979797979797695e+03
3.838383838383838338e+03
3.878787878787878526e+03
3.919191919191918714e+03
3.959595959595959357e+03
4.000000000000000000e+03
