0.000000000000000000e+00
4.040400703211481215e+01
8.080801406422962430e+01
1.212120210963444435e+02
1.616160281284592486e+02
2.020200351605740536e+02
2.424240421926888871e+02
2.828280492248036921e+02
3.232320562569184972e+02
3.636360632890333022e+02
4.040400703211481073e+02
4.444440773532629123e+02
4.848480843853777742e+02
5.252520914174925792e+02
5.656560984496073843e+02
6.060601054817221893e+02
6.464641125138369944e+02
6.868681195459517994e+02
7.272721265780666045e+02
7.676761336101814095e+02
8.080801406422962145e+02
8.484841476744110196e+02
8.888881547065258246e+02
9.292921617386406297e+02
9.696961687707555484e+02
1.010100175802870353e+03
1.050504182834985158e+03
1.090908189867099964e+03
1.131312196899214769e+03
1.171716203931329574e+03
1.212120210963444379e+03
1.252524217995559184e+03
1.292928225027673989e+03
1.333332232059788794e+03
1.373736239091903599e+03
1.414140246124018404e+03
1.454544253156133209e+03
1.494948260188248014e+03
1.535352267220362819e+03
1.575756274252477624e+03
1.616160281284592429e+03
1.656564288316707234e+03
1.696968295348822039e+03
1.737372302380936844e+03
1.777776309413051649e+03
1.818180316445166454e+03
1.858584323477281259e+03
1.898988330509396064e+03
1.939392337541511097e+03
1.979796344573625902e+03
2.020200351605740707e+03
2.060604358637855512e+03
2.101008365669970317e+03
2.141412372702085122e+03
2.181816379734199927e+03
2.222220386766314732e+03
2.262624393798429537e+03
2.303028400830544342e+03
2.343432407862659147e+03
2.383836414894773952e+03
2.424240421926888757e+03
2.464644428959003562e+03
2.505048435991118367e+03
2.545452443023233172e+03
2.585856450055347977e+03
2.626260457087462783e+03
2.666664464119577588e+03
2.707068471151692393e+03
2.747472478183807198e+03
2.787876485215922003e+03
2.828280492248036808e+03
2.868684499280151613e+03
2.909088506312266418e+03
2.949492513344381223e+03
2.989896520376496028e+03
3.030300527408610833e+03
3.070704534440725638e+03
3.111108541472840443e+03
3.151512548504955248e+03
3.191916555537070053e+03
3.232320562569184858e+03
3.272724569601299663e+03
3.313128576633414468e+03
3.353532583665529273e+03
3.393936590697644078e+03
3.434340597729758883e+03
3.474744604761873688e+03
3.515148611793988493e+03
3.555552618826103298e+03
3.595956625858218104e+03
3.636360632890332909e+03
3.676764639922447714e+03
3.717168646954562519e+03
3.757572653986677324e+03
3.797976661018792129e+03
3.838380668050906934e+03
3.878784675083022194e+03
3.919188682115136999e+03
3.959592689147251804e+03
3.999996696179366609e+03
