0.000000000000000000e+00
4.040290921467803287e+01
8.080581842935606574e+01
1.212087276440340986e+02
1.616116368587121315e+02
2.020145460733901643e+02
2.424174552880681972e+02
2.828203645027462017e+02
3.232232737174242629e+02
3.636261829321023242e+02
4.040290921467803287e+02
4.444320013614583331e+02
4.848349105761363944e+02
5.252378197908144557e+02
5.656407290054924033e+02
6.060436382201704646e+02
6.464465474348485259e+02
6.868494566495265872e+02
7.272523658642046485e+02
7.676552750788825961e+02
8.080581842935606574e+02
8.484610935082387186e+02
8.888640027229166662e+02
9.292669119375947275e+02
9.696698211522727888e+02
1.010072730366950850e+03
1.050475639581628911e+03
1.090878548796306859e+03
1.131281458010984807e+03
1.171684367225662982e+03
1.212087276440340929e+03
1.252490185655019104e+03
1.292893094869697052e+03
1.333296004084374999e+03
1.373698913299053174e+03
1.414101822513731122e+03
1.454504731728409297e+03
1.494907640943087245e+03
1.535310550157765192e+03
1.575713459372443367e+03
1.616116368587121315e+03
1.656519277801799262e+03
1.696922187016477437e+03
1.737325096231155385e+03
1.777728005445833332e+03
1.818130914660511507e+03
1.858533823875189455e+03
1.898936733089867630e+03
1.939339642304545578e+03
1.979742551519223525e+03
2.020145460733901700e+03
2.060548369948579875e+03
2.100951279163257823e+03
2.141354188377935770e+03
2.181757097592613718e+03
2.222160006807291666e+03
2.262562916021969613e+03
2.302965825236648016e+03
2.343368734451325963e+03
2.383771643666003911e+03
2.424174552880681858e+03
2.464577462095359806e+03
2.504980371310038208e+03
2.545383280524716156e+03
2.585786189739394104e+03
2.626189098954072051e+03
2.666592008168749999e+03
2.706994917383428401e+03
2.747397826598106349e+03
2.787800735812784296e+03
2.828203645027462244e+03
2.868606554242140191e+03
2.909009463456818594e+03
2.949412372671496541e+03
2.989815281886174489e+03
3.030218191100852437e+03
3.070621100315530384e+03
3.111024009530208332e+03
3.151426918744886734e+03
3.191829827959564682e+03
3.232232737174242629e+03
3.272635646388920577e+03
3.313038555603598525e+03
3.353441464818276927e+03
3.393844374032954875e+03
3.434247283247632822e+03
3.474650192462310770e+03
3.515053101676988717e+03
3.555456010891666665e+03
3.595858920106345067e+03
3.636261829321023015e+03
3.676664738535700963e+03
3.717067647750378910e+03
3.757470556965056858e+03
3.797873466179735260e+03
3.838276375394413208e+03
3.878679284609091155e+03
3.919082193823769103e+03
3.959485103038447050e+03
3.999888012253124998e+03
