0.000000000000000000e+00
4.040773725190361176e+01
8.081547450380722353e+01
1.212232117557108353e+02
1.616309490076144471e+02
2.020386862595180446e+02
2.424464235114216706e+02
2.828541607633252966e+02
3.232618980152288941e+02
3.636696352671324917e+02
4.040773725190360892e+02
4.444851097709397436e+02
4.848928470228433412e+02
5.253005842747469387e+02
5.657083215266505931e+02
6.061160587785541338e+02
6.465237960304577882e+02
6.869315332823614426e+02
7.273392705342649833e+02
7.677470077861686377e+02
8.081547450380721784e+02
8.485624822899758328e+02
8.889702195418794872e+02
9.293779567937830279e+02
9.697856940456866823e+02
1.010193431297590337e+03
1.050601168549493877e+03
1.091008905801397532e+03
1.131416643053301186e+03
1.171824380305204841e+03
1.212232117557108268e+03
1.252639854809011922e+03
1.293047592060915576e+03
1.333455329312819231e+03
1.373863066564722885e+03
1.414270803816626312e+03
1.454678541068529967e+03
1.495086278320433621e+03
1.535494015572337275e+03
1.575901752824240930e+03
1.616309490076144357e+03
1.656717227328048011e+03
1.697124964579951666e+03
1.737532701831855320e+03
1.777940439083758974e+03
1.818348176335662629e+03
1.858755913587566056e+03
1.899163650839469710e+03
1.939571388091373365e+03
1.979979125343277019e+03
2.020386862595180673e+03
2.060794599847084100e+03
2.101202337098987755e+03
2.141610074350891409e+03
2.182017811602795064e+03
2.222425548854698718e+03
2.262833286106602372e+03
2.303241023358506027e+03
2.343648760610409681e+03
2.384056497862312881e+03
2.424464235114216535e+03
2.464871972366120190e+03
2.505279709618023844e+03
2.545687446869927498e+03
2.586095184121831153e+03
2.626502921373734807e+03
2.666910658625638462e+03
2.707318395877542116e+03
2.747726133129445770e+03
2.788133870381349425e+03
2.828541607633252625e+03
2.868949344885156279e+03
2.909357082137059933e+03
2.949764819388963588e+03
2.990172556640867242e+03
3.030580293892770896e+03
3.070988031144674551e+03
3.111395768396578205e+03
3.151803505648481860e+03
3.192211242900385514e+03
3.232618980152288714e+03
3.273026717404192368e+03
3.313434454656096023e+03
3.353842191907999677e+03
3.394249929159903331e+03
3.434657666411806986e+03
3.475065403663710640e+03
3.515473140915614294e+03
3.555880878167517949e+03
3.596288615419421603e+03
3.636696352671325258e+03
3.677104089923228457e+03
3.717511827175132112e+03
3.757919564427035766e+03
3.798327301678939421e+03
3.838735038930843075e+03
3.879142776182746729e+03
3.919550513434650384e+03
3.959958250686554038e+03
4.000365987938457693e+03
